user,churn,predicted_churn
41741.0,0.0,0
14785.0,0.0,0
29750.0,1.0,0
56960.0,0.0,1
32537.0,0.0,0
16348.0,0.0,1
45160.0,0.0,1
4458.0,1.0,1
47508.0,0.0,0
37104.0,0.0,0
14821.0,0.0,1
26702.0,0.0,0
3124.0,1.0,0
11718.0,0.0,0
34128.0,0.0,1
29014.0,0.0,0
33314.0,0.0,0
51260.0,0.0,0
25518.0,0.0,1
2916.0,0.0,0
57344.0,1.0,0
8592.0,0.0,0
28856.0,0.0,0
41730.0,0.0,0
27066.0,0.0,0
22408.0,0.0,0
37197.0,0.0,1
65908.0,1.0,0
51096.0,1.0,0
42990.0,0.0,0
58349.0,0.0,0
32818.0,0.0,0
786.0,1.0,0
13349.0,1.0,1
10547.0,0.0,1
53644.0,0.0,0
56563.0,0.0,0
51195.0,0.0,0
31537.0,0.0,1
11960.0,1.0,1
45523.0,1.0,0
19118.0,1.0,1
7209.0,0.0,1
15654.0,1.0,1
30068.0,1.0,0
35922.0,0.0,0
11111.0,0.0,0
2138.0,0.0,1
67502.0,1.0,0
44885.0,1.0,0
59940.0,0.0,1
4227.0,0.0,0
68756.0,1.0,0
51439.0,1.0,0
31379.0,1.0,0
40566.0,0.0,0
42079.0,0.0,0
31661.0,1.0,1
38923.0,0.0,0
522.0,0.0,0
9393.0,1.0,1
58089.0,0.0,0
29850.0,1.0,1
32860.0,0.0,0
51069.0,1.0,0
40409.0,0.0,0
46763.0,1.0,1
19812.0,0.0,1
10473.0,1.0,0
12876.0,0.0,0
18485.0,0.0,0
26115.0,0.0,0
40587.0,0.0,1
54097.0,0.0,0
58071.0,1.0,1
4758.0,0.0,1
38987.0,0.0,0
57423.0,1.0,0
27744.0,0.0,1
50407.0,0.0,0
16136.0,1.0,0
28169.0,1.0,1
11403.0,1.0,1
47323.0,1.0,0
4659.0,1.0,0
12188.0,0.0,1
59919.0,1.0,0
50695.0,0.0,1
21236.0,0.0,0
54290.0,0.0,1
40597.0,1.0,1
54353.0,0.0,0
16233.0,1.0,1
18348.0,1.0,0
32369.0,1.0,0
61428.0,1.0,0
9588.0,0.0,0
6170.0,0.0,0
37810.0,0.0,1
49410.0,0.0,0
55303.0,1.0,1
58389.0,1.0,0
39404.0,0.0,0
7491.0,0.0,0
23168.0,1.0,0
18160.0,0.0,0
30752.0,0.0,1
9027.0,1.0,1
17354.0,0.0,0
44916.0,0.0,0
5375.0,0.0,1
31854.0,1.0,0
53682.0,0.0,0
23657.0,1.0,0
25228.0,0.0,0
46984.0,1.0,0
51784.0,1.0,1
50068.0,1.0,1
65556.0,0.0,1
38611.0,0.0,1
25512.0,1.0,0
24426.0,1.0,0
11246.0,1.0,0
57673.0,1.0,1
44743.0,0.0,1
39820.0,1.0,0
10488.0,0.0,0
38742.0,0.0,0
5025.0,1.0,0
28748.0,1.0,0
16243.0,0.0,1
115.0,0.0,0
9674.0,0.0,0
39707.0,1.0,0
32413.0,0.0,1
15823.0,0.0,1
41790.0,1.0,0
7901.0,0.0,0
36744.0,0.0,0
48448.0,1.0,0
32745.0,0.0,1
44263.0,1.0,0
22914.0,0.0,0
23993.0,0.0,0
43159.0,1.0,1
8674.0,0.0,0
37442.0,1.0,0
18627.0,1.0,0
19541.0,1.0,0
25166.0,1.0,1
2484.0,1.0,0
37926.0,1.0,1
13791.0,1.0,1
14252.0,0.0,0
5798.0,0.0,1
48813.0,0.0,0
28104.0,1.0,0
65136.0,1.0,1
22061.0,0.0,0
30682.0,1.0,1
36731.0,0.0,1
24791.0,1.0,0
51090.0,0.0,0
47497.0,0.0,0
50525.0,0.0,1
33825.0,0.0,1
50392.0,1.0,0
33127.0,1.0,0
7863.0,1.0,0
52713.0,1.0,0
53701.0,0.0,1
19730.0,1.0,0
36646.0,0.0,0
14626.0,0.0,0
50108.0,0.0,0
8500.0,0.0,0
15612.0,0.0,0
4856.0,0.0,0
65867.0,1.0,0
11339.0,1.0,0
13374.0,0.0,0
12496.0,1.0,0
22732.0,0.0,0
65393.0,0.0,0
29816.0,1.0,0
33289.0,1.0,0
39144.0,0.0,1
69415.0,0.0,0
13676.0,1.0,1
22308.0,0.0,0
23377.0,1.0,0
31004.0,0.0,0
53435.0,0.0,1
48511.0,0.0,0
28648.0,0.0,0
12268.0,0.0,0
29664.0,0.0,1
54939.0,0.0,0
48905.0,1.0,0
12188.0,1.0,0
64244.0,1.0,0
38351.0,1.0,0
35652.0,1.0,0
35016.0,1.0,0
62412.0,0.0,0
12284.0,0.0,0
69412.0,1.0,0
3106.0,0.0,0
1210.0,0.0,1
30742.0,0.0,0
21025.0,1.0,0
11645.0,0.0,0
60222.0,1.0,0
48500.0,1.0,0
45535.0,0.0,1
43224.0,0.0,1
19025.0,1.0,0
28961.0,0.0,0
13663.0,1.0,0
49761.0,0.0,0
22636.0,0.0,0
2366.0,0.0,1
43490.0,0.0,1
32061.0,0.0,0
15543.0,1.0,0
48614.0,0.0,0
62346.0,0.0,0
50360.0,0.0,0
2114.0,0.0,0
21675.0,0.0,0
46785.0,1.0,1
69557.0,0.0,1
33944.0,0.0,0
25140.0,0.0,0
38048.0,0.0,0
13723.0,1.0,0
68484.0,0.0,1
55358.0,1.0,1
26753.0,0.0,0
6398.0,1.0,1
37125.0,0.0,0
39646.0,1.0,1
9434.0,0.0,0
60935.0,0.0,0
35164.0,0.0,0
270.0,0.0,0
21572.0,1.0,0
46810.0,0.0,0
45241.0,0.0,1
56779.0,0.0,0
43683.0,1.0,0
64097.0,1.0,1
10126.0,0.0,0
66714.0,0.0,0
49987.0,1.0,0
26651.0,0.0,0
48008.0,0.0,1
64043.0,1.0,1
51196.0,1.0,1
26917.0,1.0,0
54861.0,0.0,1
16533.0,1.0,0
31996.0,1.0,1
69262.0,1.0,1
37939.0,0.0,0
66045.0,1.0,0
8899.0,0.0,0
65488.0,0.0,0
4663.0,1.0,1
29675.0,0.0,0
10261.0,0.0,0
3530.0,1.0,0
38386.0,0.0,0
58390.0,1.0,0
274.0,0.0,0
21905.0,1.0,0
17803.0,0.0,0
56472.0,1.0,0
61188.0,0.0,0
11487.0,1.0,0
22038.0,1.0,0
17606.0,1.0,0
1938.0,0.0,0
64670.0,0.0,0
66186.0,1.0,0
57498.0,1.0,0
63963.0,1.0,0
5217.0,1.0,1
42612.0,0.0,1
5834.0,0.0,1
29875.0,0.0,0
12143.0,1.0,0
40159.0,1.0,0
24525.0,1.0,0
49767.0,1.0,0
38581.0,0.0,0
11262.0,0.0,0
30029.0,0.0,1
7310.0,0.0,0
28662.0,0.0,0
15313.0,1.0,0
12740.0,1.0,0
57992.0,1.0,0
44240.0,0.0,0
49876.0,1.0,0
6094.0,1.0,1
32405.0,0.0,0
40351.0,0.0,1
55115.0,0.0,0
12958.0,1.0,0
21736.0,1.0,0
16747.0,0.0,0
32463.0,0.0,0
53624.0,0.0,0
13533.0,0.0,0
23533.0,0.0,0
36891.0,0.0,0
27878.0,0.0,0
8685.0,0.0,0
26573.0,1.0,0
64089.0,1.0,0
51851.0,1.0,0
61221.0,1.0,0
67875.0,0.0,0
54070.0,0.0,0
42156.0,1.0,1
24219.0,1.0,0
7838.0,1.0,0
4750.0,0.0,0
14282.0,0.0,0
8411.0,1.0,0
26163.0,0.0,0
28810.0,0.0,0
62200.0,0.0,0
1548.0,1.0,1
753.0,0.0,1
43151.0,1.0,0
51721.0,0.0,0
62915.0,0.0,0
42695.0,1.0,0
67829.0,1.0,0
3896.0,1.0,0
55137.0,1.0,0
34187.0,0.0,0
44443.0,0.0,0
51675.0,0.0,0
50982.0,0.0,0
66478.0,0.0,1
28381.0,1.0,1
9543.0,1.0,0
31027.0,1.0,0
55385.0,0.0,0
19186.0,1.0,0
30383.0,0.0,0
6836.0,0.0,0
65798.0,1.0,1
32644.0,0.0,1
24343.0,1.0,1
63199.0,0.0,0
40101.0,0.0,1
20605.0,1.0,0
29253.0,1.0,0
45649.0,0.0,0
57675.0,0.0,0
42446.0,1.0,0
26736.0,0.0,0
1433.0,1.0,0
30678.0,0.0,1
48494.0,1.0,0
59718.0,0.0,0
28679.0,1.0,0
58113.0,1.0,0
33791.0,0.0,0
15721.0,0.0,0
14310.0,0.0,0
60932.0,0.0,0
48881.0,0.0,0
47955.0,0.0,0
42281.0,0.0,0
28643.0,1.0,1
25350.0,0.0,1
1383.0,0.0,0
66903.0,0.0,0
29574.0,0.0,1
12912.0,0.0,0
53285.0,0.0,1
63225.0,0.0,0
32799.0,0.0,0
64639.0,1.0,0
945.0,0.0,0
1428.0,1.0,0
27146.0,0.0,0
1725.0,1.0,0
15048.0,1.0,0
53169.0,0.0,0
28556.0,0.0,0
25465.0,1.0,0
21117.0,1.0,0
46088.0,1.0,0
51782.0,0.0,1
10464.0,1.0,0
68472.0,0.0,0
12700.0,0.0,0
59062.0,0.0,1
7109.0,0.0,1
4125.0,1.0,1
52063.0,0.0,0
1023.0,0.0,0
58327.0,1.0,1
13457.0,1.0,1
7878.0,0.0,0
30136.0,1.0,0
14788.0,1.0,0
13126.0,1.0,1
9732.0,1.0,1
7496.0,1.0,0
3638.0,1.0,0
37493.0,1.0,1
64496.0,0.0,0
19808.0,1.0,0
3681.0,0.0,0
64202.0,1.0,1
35571.0,0.0,1
7495.0,0.0,0
65607.0,1.0,0
51013.0,0.0,0
21223.0,1.0,0
38619.0,0.0,1
37771.0,0.0,0
23595.0,0.0,0
10149.0,1.0,0
62093.0,1.0,0
43506.0,1.0,0
40012.0,1.0,0
6095.0,0.0,1
26962.0,0.0,0
4441.0,1.0,0
3724.0,0.0,0
55910.0,0.0,0
38137.0,1.0,0
47997.0,1.0,1
65870.0,0.0,1
9929.0,1.0,0
54294.0,0.0,0
42700.0,1.0,0
17024.0,1.0,0
22440.0,0.0,0
3718.0,0.0,0
20607.0,0.0,1
21916.0,0.0,0
20088.0,0.0,0
52378.0,1.0,1
57176.0,0.0,0
25315.0,0.0,0
35016.0,0.0,0
52794.0,1.0,0
30535.0,0.0,0
2351.0,1.0,0
54019.0,0.0,0
32042.0,1.0,1
16298.0,1.0,0
69608.0,0.0,0
23770.0,1.0,0
48887.0,1.0,0
49874.0,1.0,0
38505.0,1.0,0
3548.0,0.0,1
54382.0,1.0,0
60086.0,0.0,0
69301.0,1.0,0
19633.0,0.0,1
49405.0,0.0,0
12690.0,1.0,1
44271.0,1.0,0
53220.0,0.0,0
49754.0,1.0,1
13664.0,0.0,0
53872.0,0.0,1
65791.0,1.0,0
3229.0,1.0,0
19524.0,0.0,1
67596.0,1.0,0
979.0,1.0,0
26042.0,1.0,0
23847.0,0.0,0
59709.0,0.0,0
48972.0,0.0,0
21975.0,1.0,0
899.0,0.0,1
13535.0,0.0,1
46828.0,0.0,0
26444.0,1.0,1
25893.0,0.0,0
57456.0,0.0,0
3148.0,0.0,1
14485.0,0.0,1
5356.0,0.0,0
66404.0,1.0,0
4967.0,0.0,1
10102.0,1.0,0
59435.0,0.0,1
3618.0,1.0,0
19157.0,1.0,1
8562.0,0.0,1
1642.0,1.0,0
6863.0,1.0,1
28081.0,0.0,0
15251.0,0.0,0
24542.0,0.0,0
8143.0,0.0,1
52414.0,0.0,0
15408.0,1.0,1
2955.0,0.0,1
4267.0,0.0,1
20634.0,1.0,1
44014.0,0.0,0
51860.0,0.0,1
45970.0,0.0,0
17641.0,1.0,1
45271.0,1.0,1
13665.0,0.0,0
50365.0,1.0,0
26023.0,1.0,0
33252.0,0.0,0
34592.0,1.0,0
30551.0,1.0,0
23656.0,0.0,1
11682.0,0.0,1
26562.0,0.0,0
7045.0,1.0,0
19609.0,0.0,0
1518.0,1.0,0
4179.0,0.0,0
57024.0,1.0,1
25449.0,0.0,0
53556.0,0.0,0
15804.0,0.0,0
36441.0,0.0,0
49547.0,0.0,1
27043.0,1.0,0
5610.0,0.0,0
22597.0,1.0,0
9206.0,1.0,1
64098.0,0.0,0
18191.0,0.0,1
54440.0,1.0,0
29991.0,0.0,0
50981.0,0.0,0
29307.0,0.0,0
23875.0,1.0,0
62578.0,0.0,0
30488.0,0.0,0
24306.0,1.0,1
61837.0,0.0,0
19816.0,0.0,0
42688.0,0.0,0
30008.0,1.0,0
7955.0,1.0,1
23419.0,0.0,0
28172.0,1.0,0
51326.0,0.0,0
19383.0,0.0,1
16334.0,0.0,0
45612.0,1.0,0
47903.0,0.0,0
18879.0,0.0,0
17358.0,1.0,0
16015.0,0.0,1
64078.0,1.0,0
15599.0,0.0,1
36738.0,0.0,0
30702.0,0.0,0
32335.0,0.0,1
7420.0,0.0,0
50163.0,1.0,0
34372.0,0.0,0
39076.0,1.0,0
43046.0,1.0,1
12157.0,0.0,0
17866.0,0.0,0
12952.0,1.0,1
19714.0,0.0,1
46884.0,0.0,0
7131.0,0.0,0
1252.0,0.0,0
10141.0,1.0,0
65506.0,1.0,0
51885.0,0.0,0
64882.0,0.0,0
45696.0,0.0,0
39289.0,0.0,0
11279.0,0.0,0
8886.0,0.0,0
29331.0,0.0,0
39008.0,0.0,0
15285.0,1.0,0
4335.0,1.0,0
21853.0,0.0,0
25899.0,0.0,0
56809.0,1.0,0
21363.0,0.0,0
32451.0,1.0,0
22684.0,0.0,0
22273.0,0.0,0
54510.0,1.0,0
23097.0,0.0,0
6114.0,0.0,0
58473.0,1.0,0
13608.0,1.0,1
35789.0,0.0,0
7545.0,1.0,1
19238.0,1.0,0
11637.0,0.0,1
53587.0,1.0,0
29428.0,0.0,0
19747.0,0.0,1
53221.0,0.0,0
39173.0,0.0,0
2991.0,0.0,0
7445.0,0.0,0
25233.0,0.0,0
11489.0,1.0,0
25325.0,1.0,0
17432.0,0.0,0
66870.0,1.0,0
3286.0,0.0,0
6432.0,1.0,0
12343.0,0.0,1
39661.0,1.0,0
29401.0,0.0,1
62277.0,1.0,1
47316.0,0.0,1
7600.0,1.0,1
14557.0,1.0,0
21864.0,0.0,0
53886.0,0.0,0
10929.0,1.0,1
7967.0,1.0,1
3317.0,0.0,0
9210.0,1.0,0
32657.0,0.0,0
16077.0,1.0,0
52636.0,0.0,0
13270.0,0.0,0
54209.0,0.0,1
1380.0,1.0,1
64.0,0.0,0
65047.0,1.0,0
20566.0,0.0,0
13957.0,1.0,0
32473.0,1.0,0
32180.0,1.0,0
57183.0,1.0,1
50389.0,0.0,0
27255.0,1.0,1
31804.0,0.0,0
56475.0,0.0,1
44015.0,0.0,0
1762.0,0.0,0
21236.0,0.0,1
2139.0,1.0,0
16989.0,0.0,0
45347.0,0.0,0
55411.0,0.0,0
58095.0,1.0,1
13622.0,1.0,0
16117.0,0.0,0
36570.0,1.0,1
54574.0,0.0,0
24475.0,1.0,1
22688.0,1.0,1
15478.0,0.0,0
46400.0,1.0,1
42252.0,1.0,1
31379.0,1.0,0
36578.0,0.0,0
18341.0,0.0,0
32152.0,1.0,0
39491.0,0.0,1
57587.0,0.0,0
34568.0,0.0,0
27532.0,0.0,0
15221.0,1.0,0
33967.0,1.0,1
26138.0,1.0,0
45226.0,1.0,1
48295.0,1.0,0
10352.0,0.0,0
25073.0,1.0,0
38625.0,0.0,0
5420.0,1.0,1
27421.0,0.0,0
17948.0,0.0,0
37173.0,0.0,1
66805.0,1.0,0
65377.0,1.0,0
2705.0,1.0,1
9473.0,0.0,0
57273.0,1.0,0
57512.0,0.0,0
30614.0,0.0,1
56897.0,0.0,0
6301.0,1.0,0
30419.0,1.0,0
19583.0,1.0,1
16125.0,0.0,1
29541.0,1.0,0
38708.0,0.0,1
23350.0,1.0,0
65854.0,1.0,0
4107.0,1.0,0
31823.0,1.0,0
68827.0,0.0,0
11530.0,0.0,0
15237.0,1.0,1
54667.0,0.0,0
33647.0,0.0,0
1233.0,1.0,0
21975.0,0.0,1
20304.0,1.0,0
24613.0,0.0,1
14272.0,1.0,0
53350.0,0.0,0
5773.0,0.0,0
58873.0,0.0,0
61089.0,1.0,1
37347.0,1.0,0
65415.0,0.0,0
21269.0,0.0,0
21601.0,0.0,0
58331.0,0.0,1
53201.0,1.0,1
15361.0,0.0,0
42929.0,1.0,0
26623.0,0.0,0
61532.0,0.0,1
37810.0,1.0,0
20839.0,1.0,0
50030.0,0.0,0
56.0,0.0,0
54786.0,1.0,0
29492.0,0.0,0
42454.0,0.0,0
50464.0,1.0,0
47479.0,1.0,1
14039.0,0.0,0
26807.0,1.0,1
6661.0,0.0,0
66983.0,0.0,0
24490.0,0.0,0
66955.0,1.0,0
49839.0,0.0,0
3209.0,0.0,0
12132.0,1.0,0
56388.0,0.0,0
47199.0,0.0,0
4745.0,0.0,0
26079.0,0.0,0
65299.0,1.0,0
17949.0,1.0,1
56997.0,1.0,0
5343.0,0.0,0
58217.0,0.0,0
9367.0,0.0,0
10008.0,1.0,0
7541.0,1.0,0
49302.0,0.0,0
1672.0,1.0,0
46696.0,1.0,0
42370.0,0.0,0
59711.0,1.0,1
56358.0,1.0,0
13331.0,0.0,1
47687.0,1.0,0
44556.0,0.0,0
22869.0,0.0,0
56606.0,0.0,0
36404.0,0.0,0
7678.0,1.0,0
22241.0,0.0,0
16799.0,0.0,1
40390.0,0.0,1
54234.0,0.0,0
12490.0,0.0,0
53931.0,1.0,1
4408.0,0.0,0
68771.0,0.0,1
34286.0,1.0,0
69349.0,1.0,1
32378.0,0.0,1
67754.0,0.0,0
26199.0,0.0,1
61426.0,1.0,0
55832.0,0.0,0
53554.0,1.0,1
36942.0,0.0,0
52114.0,1.0,0
1062.0,0.0,0
69306.0,0.0,1
61806.0,0.0,1
17451.0,0.0,0
42610.0,1.0,0
7504.0,0.0,0
39343.0,1.0,0
5441.0,0.0,0
45142.0,1.0,1
59009.0,0.0,0
58199.0,1.0,1
54800.0,1.0,0
66578.0,1.0,0
23565.0,0.0,0
14365.0,0.0,0
3445.0,1.0,0
14598.0,0.0,0
568.0,1.0,0
12482.0,1.0,0
37902.0,0.0,1
42933.0,1.0,0
53503.0,1.0,0
53875.0,0.0,0
45154.0,0.0,0
43904.0,1.0,0
9436.0,0.0,0
26303.0,1.0,0
10378.0,0.0,0
35858.0,1.0,0
11350.0,0.0,1
31352.0,1.0,0
5002.0,1.0,1
67245.0,1.0,0
25745.0,1.0,0
52688.0,0.0,0
56929.0,1.0,0
61951.0,1.0,0
57855.0,0.0,0
54379.0,1.0,0
37156.0,1.0,0
66068.0,0.0,1
65678.0,0.0,0
762.0,1.0,0
63528.0,1.0,0
8312.0,0.0,0
11790.0,0.0,0
48519.0,0.0,1
46138.0,0.0,1
23536.0,1.0,0
62611.0,1.0,1
62349.0,0.0,0
54966.0,1.0,0
1346.0,0.0,0
4495.0,1.0,0
34867.0,0.0,0
37840.0,1.0,0
41437.0,0.0,0
21969.0,0.0,1
36013.0,1.0,0
29298.0,1.0,0
48632.0,1.0,1
23252.0,1.0,0
37028.0,0.0,0
32781.0,0.0,0
21352.0,1.0,0
22506.0,0.0,0
10941.0,1.0,0
38905.0,1.0,1
18551.0,0.0,1
18686.0,0.0,0
7930.0,0.0,0
65668.0,1.0,0
31722.0,0.0,0
45913.0,0.0,0
43343.0,0.0,1
8310.0,0.0,0
26642.0,0.0,0
17312.0,0.0,1
20595.0,0.0,0
2382.0,0.0,0
28648.0,1.0,0
52196.0,1.0,0
13632.0,0.0,0
56301.0,0.0,0
59137.0,0.0,0
46880.0,1.0,0
39580.0,0.0,1
58188.0,0.0,0
16898.0,0.0,0
60258.0,0.0,0
50223.0,0.0,0
18550.0,1.0,0
42586.0,0.0,0
63930.0,1.0,0
43207.0,1.0,0
42871.0,0.0,0
9372.0,1.0,0
14597.0,0.0,0
22499.0,1.0,0
7278.0,0.0,0
20160.0,0.0,1
56434.0,1.0,0
2368.0,1.0,0
39117.0,1.0,0
12272.0,0.0,1
11407.0,1.0,0
8190.0,0.0,1
54121.0,1.0,1
11198.0,0.0,0
5857.0,1.0,1
11926.0,1.0,0
44269.0,0.0,0
14986.0,1.0,0
32697.0,0.0,1
25581.0,0.0,0
43818.0,1.0,0
7175.0,0.0,0
35475.0,1.0,1
62901.0,0.0,0
593.0,0.0,0
18022.0,1.0,0
42691.0,0.0,0
3954.0,1.0,0
14931.0,0.0,0
1467.0,0.0,0
29379.0,1.0,0
29270.0,1.0,1
13247.0,1.0,0
57943.0,0.0,1
46401.0,1.0,1
32874.0,0.0,0
23465.0,0.0,1
64654.0,0.0,0
27059.0,0.0,0
23866.0,0.0,0
38866.0,1.0,1
42938.0,1.0,0
12489.0,1.0,0
32882.0,0.0,1
22691.0,0.0,0
14191.0,1.0,1
11740.0,0.0,1
13419.0,1.0,0
65591.0,0.0,0
7583.0,0.0,0
17245.0,0.0,1
49612.0,0.0,0
57109.0,1.0,0
19922.0,0.0,0
35791.0,0.0,0
9403.0,1.0,0
7672.0,1.0,0
64819.0,0.0,0
37706.0,0.0,0
38068.0,1.0,0
14562.0,0.0,1
40725.0,1.0,0
68851.0,1.0,0
32466.0,0.0,0
52528.0,0.0,0
33183.0,1.0,0
18367.0,1.0,0
62900.0,1.0,0
21460.0,0.0,0
64214.0,1.0,0
8516.0,0.0,0
40522.0,0.0,0
40676.0,0.0,0
57184.0,0.0,1
2897.0,1.0,0
57949.0,0.0,1
8438.0,1.0,1
41881.0,0.0,0
58181.0,1.0,0
48597.0,1.0,1
48518.0,0.0,0
34300.0,0.0,0
2376.0,0.0,0
51303.0,0.0,0
49387.0,0.0,1
33898.0,0.0,0
36023.0,0.0,1
10996.0,0.0,1
38683.0,0.0,1
44219.0,0.0,0
30459.0,0.0,0
30144.0,1.0,0
61600.0,0.0,0
35157.0,0.0,0
47487.0,1.0,0
4196.0,0.0,0
55174.0,1.0,0
6504.0,0.0,0
53668.0,0.0,0
16870.0,1.0,0
16650.0,0.0,0
68674.0,0.0,0
56937.0,0.0,1
58677.0,0.0,0
33062.0,0.0,1
45525.0,0.0,0
20994.0,0.0,0
53737.0,0.0,0
34743.0,1.0,1
26940.0,1.0,0
36928.0,0.0,1
27977.0,1.0,0
12302.0,1.0,0
33002.0,1.0,0
25185.0,0.0,0
23564.0,0.0,0
8871.0,1.0,0
27155.0,0.0,1
28068.0,0.0,0
35333.0,1.0,0
7073.0,1.0,1
57286.0,1.0,0
1495.0,1.0,1
33918.0,1.0,0
2792.0,1.0,0
29507.0,1.0,0
54724.0,0.0,0
43071.0,0.0,1
5176.0,0.0,0
47163.0,0.0,0
35202.0,1.0,0
39478.0,0.0,0
11161.0,0.0,1
5035.0,0.0,1
29383.0,0.0,0
31935.0,0.0,1
10454.0,0.0,0
54516.0,0.0,0
55528.0,1.0,0
42574.0,0.0,0
52538.0,0.0,0
50789.0,1.0,0
25095.0,0.0,0
44996.0,0.0,0
28554.0,1.0,1
12375.0,1.0,1
55796.0,1.0,0
66475.0,0.0,0
54828.0,1.0,1
2338.0,0.0,0
35523.0,1.0,0
38747.0,0.0,1
12503.0,0.0,0
14340.0,0.0,0
26432.0,0.0,0
35700.0,0.0,0
60467.0,1.0,1
14430.0,0.0,0
28515.0,0.0,0
18336.0,0.0,0
11674.0,1.0,0
31264.0,0.0,0
35386.0,0.0,0
22104.0,1.0,0
41452.0,0.0,0
28717.0,0.0,0
31939.0,0.0,1
46717.0,0.0,0
5203.0,0.0,0
17215.0,0.0,1
66114.0,0.0,0
4106.0,1.0,0
48360.0,0.0,0
44786.0,0.0,0
46991.0,0.0,0
56636.0,0.0,0
17712.0,1.0,1
52602.0,1.0,0
44768.0,0.0,0
68928.0,0.0,1
42972.0,1.0,0
46252.0,0.0,0
2030.0,1.0,0
33323.0,1.0,0
4330.0,0.0,1
31431.0,0.0,0
19700.0,0.0,0
48239.0,0.0,0
14716.0,0.0,0
37720.0,1.0,0
41059.0,0.0,0
13909.0,0.0,0
64591.0,0.0,0
5221.0,0.0,0
26061.0,0.0,0
8402.0,1.0,0
45896.0,1.0,1
43561.0,1.0,0
3643.0,1.0,0
14347.0,1.0,0
10191.0,0.0,0
12623.0,0.0,1
53114.0,0.0,1
44037.0,1.0,0
45877.0,0.0,0
42820.0,1.0,0
5349.0,1.0,0
18661.0,0.0,0
770.0,0.0,0
4723.0,1.0,0
15396.0,1.0,1
5368.0,1.0,0
33543.0,0.0,1
2969.0,0.0,0
22563.0,0.0,0
38989.0,0.0,0
14952.0,0.0,1
16192.0,1.0,0
12115.0,1.0,1
5017.0,1.0,0
29453.0,0.0,0
49642.0,0.0,0
36827.0,0.0,0
66991.0,0.0,0
2602.0,1.0,0
26966.0,0.0,0
33431.0,1.0,0
18935.0,0.0,1
43178.0,1.0,0
50496.0,1.0,0
44183.0,1.0,0
11270.0,0.0,0
68739.0,0.0,1
66411.0,0.0,0
50700.0,0.0,1
56689.0,0.0,0
5462.0,1.0,0
29032.0,0.0,0
18115.0,1.0,0
6756.0,1.0,1
14071.0,0.0,1
27884.0,0.0,0
21962.0,1.0,0
36430.0,1.0,0
17972.0,0.0,0
5731.0,0.0,1
22333.0,0.0,0
55743.0,0.0,0
44425.0,1.0,0
49429.0,0.0,0
63905.0,1.0,0
11767.0,0.0,0
29216.0,1.0,1
23429.0,1.0,1
47759.0,1.0,0
41464.0,1.0,0
23132.0,1.0,0
52495.0,1.0,0
19398.0,0.0,0
50435.0,0.0,0
40945.0,0.0,1
65284.0,0.0,0
63189.0,0.0,0
28508.0,1.0,0
57305.0,1.0,0
28209.0,1.0,1
44808.0,1.0,0
23233.0,1.0,0
3286.0,0.0,0
29127.0,1.0,0
3268.0,0.0,0
19693.0,0.0,1
48304.0,1.0,0
3836.0,0.0,0
62649.0,0.0,0
7760.0,1.0,0
59344.0,1.0,0
37182.0,0.0,0
46144.0,1.0,0
53757.0,0.0,0
20083.0,0.0,0
28577.0,1.0,0
27661.0,1.0,1
60122.0,0.0,1
50027.0,1.0,0
15502.0,0.0,0
1043.0,0.0,0
50927.0,1.0,0
51261.0,0.0,1
20274.0,1.0,0
8933.0,1.0,1
51695.0,0.0,0
48753.0,0.0,1
6631.0,0.0,0
34997.0,0.0,0
19518.0,1.0,1
4815.0,0.0,0
56512.0,0.0,0
40612.0,0.0,1
5939.0,1.0,0
1076.0,0.0,0
62811.0,0.0,0
34571.0,1.0,0
12020.0,1.0,0
5739.0,0.0,0
56468.0,0.0,0
34018.0,0.0,0
8210.0,0.0,0
48349.0,0.0,0
37250.0,1.0,1
52960.0,0.0,1
11292.0,1.0,0
68273.0,0.0,0
36164.0,1.0,1
28321.0,1.0,0
15284.0,0.0,1
14581.0,0.0,0
18.0,0.0,0
30035.0,1.0,0
12656.0,1.0,1
18134.0,0.0,0
23219.0,0.0,0
38240.0,0.0,0
51485.0,1.0,1
10133.0,1.0,0
43994.0,0.0,0
16167.0,0.0,0
29523.0,0.0,0
40355.0,0.0,0
26011.0,0.0,1
16772.0,1.0,0
68361.0,0.0,0
36983.0,1.0,0
63984.0,1.0,0
34701.0,1.0,0
39317.0,0.0,0
7788.0,0.0,0
597.0,0.0,0
64797.0,0.0,0
28606.0,0.0,0
27647.0,0.0,0
69025.0,1.0,1
40595.0,1.0,0
24802.0,0.0,0
4626.0,0.0,1
26189.0,1.0,0
13205.0,0.0,0
4782.0,0.0,0
65885.0,0.0,0
19705.0,0.0,0
5626.0,1.0,0
55269.0,0.0,0
69385.0,1.0,1
7820.0,0.0,0
24404.0,0.0,0
62362.0,1.0,0
60769.0,0.0,0
5300.0,0.0,0
2585.0,1.0,0
65268.0,1.0,0
55334.0,1.0,0
36721.0,0.0,1
32105.0,0.0,0
2481.0,1.0,0
44781.0,0.0,0
65232.0,1.0,0
24508.0,0.0,0
14662.0,0.0,0
29733.0,1.0,0
34546.0,0.0,0
17300.0,1.0,0
25292.0,1.0,0
13008.0,0.0,1
66399.0,1.0,1
51995.0,1.0,0
31456.0,0.0,0
39359.0,0.0,0
41523.0,1.0,1
9536.0,0.0,0
38086.0,0.0,0
31171.0,1.0,0
61222.0,0.0,0
34909.0,1.0,0
19870.0,1.0,0
32288.0,1.0,0
54404.0,1.0,0
47967.0,0.0,0
59197.0,0.0,0
31392.0,0.0,0
55181.0,1.0,1
7471.0,1.0,0
7203.0,1.0,0
24129.0,0.0,0
3158.0,0.0,1
23957.0,1.0,0
48420.0,0.0,0
25837.0,1.0,1
10759.0,0.0,1
18766.0,1.0,0
15330.0,1.0,1
22435.0,0.0,1
25345.0,0.0,1
34509.0,0.0,1
55981.0,0.0,1
3980.0,1.0,0
9441.0,1.0,0
19880.0,0.0,0
10127.0,0.0,1
67055.0,1.0,0
2440.0,0.0,1
7002.0,1.0,0
52790.0,1.0,0
14530.0,1.0,0
45309.0,0.0,0
68403.0,1.0,1
39075.0,0.0,0
30656.0,1.0,0
19335.0,0.0,0
64033.0,0.0,1
24976.0,0.0,1
26093.0,0.0,1
55804.0,1.0,0
39420.0,0.0,0
3232.0,1.0,0
43100.0,0.0,1
4211.0,0.0,0
61311.0,0.0,1
22365.0,0.0,0
32710.0,0.0,0
26165.0,0.0,0
16965.0,1.0,1
43306.0,0.0,0
62116.0,1.0,1
8177.0,1.0,0
28060.0,0.0,0
36010.0,0.0,0
47251.0,0.0,0
10395.0,0.0,1
47689.0,0.0,0
7447.0,1.0,0
35653.0,1.0,0
65332.0,0.0,0
50221.0,0.0,0
17194.0,1.0,0
33761.0,0.0,0
49475.0,1.0,0
41793.0,0.0,0
16998.0,0.0,0
30498.0,0.0,0
3533.0,0.0,0
29435.0,0.0,0
44185.0,1.0,0
15545.0,1.0,0
20020.0,0.0,1
63380.0,0.0,1
9435.0,1.0,0
49905.0,0.0,0
15423.0,0.0,0
58612.0,0.0,0
27250.0,0.0,0
32792.0,0.0,0
21783.0,1.0,0
16598.0,0.0,1
17938.0,0.0,0
44386.0,0.0,0
53180.0,0.0,0
30095.0,1.0,0
12495.0,0.0,0
35954.0,0.0,0
52847.0,0.0,0
31953.0,0.0,0
9544.0,1.0,0
58436.0,1.0,1
43016.0,0.0,1
19967.0,1.0,0
57421.0,0.0,1
30946.0,1.0,0
43666.0,1.0,0
11459.0,1.0,0
33398.0,0.0,0
23550.0,1.0,1
33982.0,0.0,1
14193.0,1.0,1
12505.0,0.0,0
17230.0,1.0,0
9373.0,0.0,1
983.0,0.0,0
64400.0,1.0,0
32166.0,0.0,0
48593.0,0.0,0
47223.0,0.0,0
56210.0,0.0,0
16767.0,1.0,0
26115.0,0.0,0
6285.0,0.0,0
3319.0,0.0,1
68931.0,0.0,0
13970.0,0.0,0
38051.0,0.0,0
35975.0,0.0,0
5531.0,0.0,0
32234.0,0.0,0
22051.0,0.0,1
45861.0,1.0,0
18371.0,0.0,0
48073.0,0.0,0
53123.0,1.0,0
4284.0,1.0,0
21445.0,0.0,1
32318.0,1.0,0
38884.0,1.0,1
22911.0,0.0,0
33512.0,0.0,0
3434.0,0.0,0
18451.0,1.0,0
19953.0,1.0,0
4354.0,0.0,0
68006.0,0.0,0
18831.0,1.0,1
64153.0,1.0,0
10216.0,0.0,0
63562.0,0.0,0
13913.0,0.0,0
12273.0,1.0,0
44217.0,1.0,1
28423.0,1.0,1
47541.0,0.0,1
37765.0,1.0,0
5709.0,0.0,0
51473.0,1.0,0
12195.0,0.0,1
32669.0,1.0,0
31523.0,0.0,1
3969.0,1.0,1
18123.0,0.0,1
22288.0,0.0,0
4035.0,0.0,0
392.0,1.0,0
21793.0,0.0,1
44186.0,0.0,0
63396.0,1.0,0
8765.0,0.0,0
14974.0,0.0,1
1170.0,0.0,1
25976.0,1.0,0
48925.0,0.0,0
32815.0,1.0,0
40720.0,1.0,0
21651.0,0.0,0
46904.0,1.0,0
47337.0,1.0,0
11763.0,0.0,0
8501.0,0.0,1
27306.0,0.0,0
62918.0,1.0,0
26129.0,1.0,0
10875.0,0.0,0
56982.0,0.0,0
6358.0,1.0,0
19010.0,0.0,1
67157.0,1.0,0
21491.0,1.0,0
31868.0,0.0,0
46017.0,0.0,0
55935.0,1.0,0
59626.0,0.0,1
53120.0,1.0,0
42369.0,0.0,1
46282.0,1.0,0
1278.0,0.0,0
40352.0,0.0,0
35205.0,0.0,0
69490.0,1.0,0
55655.0,1.0,0
989.0,0.0,1
34926.0,1.0,0
56146.0,0.0,0
8263.0,1.0,0
27556.0,0.0,0
52758.0,0.0,0
138.0,0.0,0
456.0,0.0,0
30386.0,0.0,1
42763.0,1.0,1
18098.0,1.0,0
36815.0,1.0,1
38001.0,0.0,0
29333.0,1.0,1
25514.0,1.0,1
45192.0,1.0,0
36937.0,1.0,0
33126.0,0.0,0
6693.0,1.0,0
58996.0,0.0,0
7669.0,0.0,0
58411.0,0.0,1
55600.0,0.0,1
23316.0,0.0,0
39621.0,0.0,0
43043.0,0.0,0
46027.0,1.0,1
12783.0,0.0,1
48990.0,1.0,1
56124.0,0.0,1
12940.0,1.0,0
21206.0,0.0,0
17578.0,0.0,1
31387.0,0.0,0
5499.0,0.0,0
47009.0,1.0,0
30460.0,1.0,0
50443.0,0.0,0
55127.0,0.0,0
24385.0,1.0,0
28713.0,1.0,0
34503.0,0.0,0
5374.0,1.0,0
40899.0,0.0,0
962.0,0.0,1
22871.0,0.0,0
976.0,1.0,0
13992.0,0.0,1
49368.0,0.0,1
46255.0,0.0,1
22359.0,0.0,0
58393.0,1.0,1
4981.0,0.0,1
58479.0,1.0,1
58160.0,1.0,1
19406.0,0.0,1
4134.0,0.0,0
58001.0,0.0,0
1096.0,0.0,0
54858.0,1.0,0
10145.0,1.0,0
10403.0,1.0,0
42246.0,0.0,0
35488.0,1.0,1
11357.0,1.0,0
37649.0,0.0,0
59729.0,0.0,1
9051.0,1.0,0
12873.0,0.0,0
8516.0,0.0,0
16393.0,0.0,0
49556.0,1.0,0
30751.0,1.0,0
4786.0,0.0,1
27738.0,0.0,0
24509.0,1.0,0
16727.0,0.0,0
10267.0,1.0,0
22349.0,0.0,0
24445.0,0.0,0
3520.0,1.0,1
43429.0,1.0,0
11052.0,0.0,0
54364.0,0.0,0
27978.0,0.0,0
38158.0,1.0,0
43273.0,1.0,0
44817.0,1.0,0
34415.0,1.0,1
24319.0,0.0,0
2738.0,0.0,0
54401.0,0.0,0
63581.0,0.0,0
17574.0,1.0,0
42722.0,0.0,1
69396.0,0.0,0
18662.0,0.0,0
29356.0,0.0,0
39909.0,0.0,0
57869.0,0.0,0
39730.0,1.0,0
16217.0,0.0,0
14701.0,1.0,0
475.0,1.0,0
42189.0,0.0,0
4402.0,0.0,1
43037.0,0.0,1
27277.0,1.0,0
4334.0,0.0,0
42263.0,1.0,1
37288.0,0.0,1
41497.0,1.0,0
17853.0,0.0,0
18326.0,0.0,0
34235.0,1.0,0
35899.0,1.0,0
39384.0,0.0,0
9218.0,0.0,0
21183.0,0.0,0
4353.0,0.0,1
21950.0,0.0,0
22956.0,1.0,0
48637.0,1.0,0
63462.0,0.0,1
60992.0,0.0,0
61678.0,0.0,0
14588.0,1.0,0
17250.0,0.0,0
34057.0,0.0,0
44844.0,0.0,0
51065.0,1.0,0
42786.0,1.0,1
26904.0,1.0,1
40449.0,1.0,0
10350.0,0.0,0
7201.0,1.0,1
20472.0,1.0,0
65270.0,0.0,0
19726.0,1.0,0
9719.0,0.0,0
60794.0,0.0,0
35244.0,1.0,0
11729.0,1.0,0
36810.0,1.0,0
25042.0,1.0,0
10467.0,0.0,0
28754.0,0.0,0
59604.0,1.0,1
41717.0,0.0,0
8329.0,1.0,1
44262.0,1.0,0
34757.0,1.0,0
46268.0,0.0,0
48499.0,0.0,0
47137.0,1.0,0
41922.0,1.0,0
65297.0,0.0,1
2707.0,1.0,0
52415.0,0.0,0
30098.0,0.0,0
33610.0,1.0,0
34644.0,0.0,1
3008.0,1.0,0
9768.0,0.0,0
59701.0,0.0,0
49829.0,0.0,0
28208.0,1.0,0
33109.0,0.0,1
17360.0,1.0,0
30932.0,0.0,1
40161.0,0.0,1
58297.0,1.0,1
42202.0,1.0,0
68619.0,0.0,0
47876.0,0.0,0
51955.0,1.0,1
12981.0,0.0,1
9446.0,1.0,0
40007.0,1.0,0
18665.0,1.0,0
56028.0,0.0,0
26255.0,0.0,1
25204.0,1.0,1
14604.0,1.0,1
35364.0,0.0,0
45533.0,0.0,1
6527.0,1.0,0
16413.0,1.0,0
45233.0,0.0,0
44649.0,0.0,0
49698.0,0.0,1
2289.0,0.0,0
43897.0,1.0,1
1211.0,1.0,0
30988.0,0.0,0
62598.0,0.0,0
6957.0,1.0,0
55091.0,0.0,1
44077.0,1.0,1
39648.0,0.0,0
29286.0,0.0,0
50550.0,0.0,0
38768.0,0.0,0
41015.0,0.0,0
1800.0,1.0,0
47795.0,0.0,1
3002.0,0.0,0
54031.0,0.0,0
20214.0,1.0,0
15557.0,1.0,0
48472.0,0.0,0
28332.0,1.0,1
39473.0,0.0,0
57464.0,1.0,0
41987.0,1.0,1
28876.0,0.0,0
36201.0,0.0,1
34078.0,1.0,0
66353.0,0.0,0
22459.0,0.0,0
45736.0,0.0,0
13184.0,1.0,0
42409.0,1.0,0
6585.0,0.0,0
11566.0,0.0,0
51549.0,0.0,0
55525.0,0.0,0
14762.0,1.0,0
10131.0,0.0,1
9307.0,1.0,0
16817.0,0.0,0
5117.0,0.0,0
33743.0,0.0,0
8363.0,0.0,0
29350.0,1.0,1
26708.0,1.0,0
2836.0,1.0,0
55273.0,0.0,0
58599.0,0.0,0
22859.0,0.0,1
13881.0,0.0,0
50510.0,0.0,0
1047.0,0.0,0
47080.0,0.0,0
1243.0,0.0,0
59864.0,0.0,0
5341.0,1.0,0
19512.0,0.0,0
4666.0,0.0,0
59122.0,0.0,0
19679.0,1.0,0
25041.0,0.0,0
680.0,0.0,0
13128.0,0.0,1
17018.0,0.0,1
38695.0,0.0,0
14704.0,1.0,0
34754.0,1.0,1
34000.0,1.0,1
38167.0,1.0,0
53640.0,1.0,1
54902.0,0.0,0
49652.0,1.0,1
32505.0,1.0,0
46316.0,0.0,0
65199.0,1.0,0
60185.0,0.0,0
61713.0,1.0,0
55824.0,1.0,0
66978.0,0.0,0
35550.0,0.0,0
18989.0,1.0,0
17855.0,0.0,0
16534.0,0.0,0
2883.0,1.0,0
55427.0,0.0,0
3802.0,0.0,0
9706.0,0.0,0
242.0,1.0,1
44055.0,0.0,0
358.0,0.0,0
69182.0,1.0,1
52414.0,0.0,0
3795.0,0.0,0
19070.0,0.0,0
24807.0,1.0,0
12235.0,1.0,0
69470.0,1.0,1
40804.0,0.0,0
6496.0,1.0,0
35895.0,0.0,0
40654.0,1.0,0
64093.0,0.0,0
61394.0,0.0,0
269.0,0.0,0
39622.0,1.0,0
66174.0,0.0,1
56997.0,0.0,1
45346.0,0.0,0
28443.0,0.0,0
57178.0,1.0,1
41778.0,0.0,1
51427.0,1.0,0
40396.0,0.0,0
22924.0,1.0,0
4983.0,0.0,0
51131.0,1.0,0
49270.0,1.0,1
26929.0,0.0,0
15457.0,1.0,1
3630.0,0.0,0
51687.0,1.0,1
40781.0,1.0,0
12500.0,0.0,0
44624.0,1.0,1
58361.0,0.0,0
2953.0,0.0,0
54789.0,0.0,0
14189.0,1.0,1
8746.0,0.0,1
22560.0,0.0,1
15928.0,1.0,0
5703.0,1.0,1
48418.0,1.0,1
16054.0,1.0,0
18845.0,1.0,0
37323.0,0.0,1
2786.0,0.0,0
8058.0,1.0,0
48997.0,0.0,0
45139.0,0.0,1
17092.0,1.0,0
56715.0,1.0,1
39429.0,0.0,0
42874.0,0.0,0
68579.0,0.0,0
49464.0,0.0,0
42076.0,0.0,0
55315.0,0.0,0
33520.0,1.0,0
30661.0,0.0,0
12083.0,0.0,0
11953.0,1.0,0
262.0,0.0,0
68808.0,0.0,1
40910.0,1.0,0
31254.0,0.0,0
21449.0,1.0,0
46084.0,1.0,1
55908.0,0.0,0
47482.0,0.0,0
57832.0,0.0,1
9444.0,1.0,1
43694.0,0.0,0
38350.0,0.0,1
55784.0,0.0,1
38409.0,1.0,0
48653.0,0.0,0
58456.0,0.0,1
45184.0,0.0,0
33515.0,1.0,1
54510.0,0.0,0
29030.0,1.0,1
58109.0,0.0,0
2509.0,0.0,0
68013.0,0.0,1
18563.0,1.0,0
47696.0,1.0,1
13960.0,0.0,0
2179.0,0.0,0
29088.0,0.0,1
56615.0,1.0,0
23859.0,0.0,1
2934.0,1.0,0
27789.0,1.0,0
64583.0,1.0,0
8353.0,0.0,0
69099.0,1.0,0
20195.0,1.0,1
1836.0,0.0,0
44004.0,1.0,0
32891.0,0.0,1
33445.0,0.0,0
38114.0,0.0,0
33819.0,0.0,1
30744.0,0.0,0
38917.0,0.0,0
59268.0,1.0,0
36287.0,0.0,1
5345.0,1.0,0
67760.0,1.0,0
58185.0,0.0,1
47317.0,0.0,1
56962.0,0.0,1
3662.0,1.0,0
26821.0,0.0,0
21063.0,0.0,1
63966.0,0.0,0
30205.0,1.0,1
6811.0,1.0,1
6879.0,1.0,1
50625.0,0.0,1
27861.0,1.0,0
40070.0,1.0,1
42655.0,1.0,0
48970.0,1.0,0
13070.0,1.0,0
17355.0,0.0,0
62413.0,0.0,0
45249.0,0.0,0
7577.0,1.0,0
46022.0,0.0,1
38407.0,0.0,1
10935.0,1.0,0
10976.0,0.0,1
11398.0,0.0,0
6678.0,0.0,0
21629.0,0.0,0
33878.0,1.0,0
57874.0,1.0,0
53916.0,1.0,1
46118.0,0.0,0
8112.0,1.0,1
41025.0,0.0,0
7037.0,0.0,1
23186.0,0.0,0
20568.0,0.0,0
67983.0,1.0,1
4219.0,1.0,0
25718.0,1.0,0
43300.0,1.0,1
28982.0,1.0,0
29639.0,0.0,1
27747.0,0.0,0
48696.0,0.0,1
29499.0,1.0,0
6308.0,1.0,0
65701.0,1.0,1
784.0,1.0,1
9790.0,0.0,0
60501.0,0.0,0
29625.0,1.0,0
46283.0,1.0,0
13175.0,0.0,0
40042.0,1.0,1
64912.0,1.0,0
29351.0,1.0,0
11489.0,1.0,0
6255.0,0.0,0
20689.0,0.0,0
7217.0,0.0,0
66433.0,0.0,0
6369.0,1.0,0
30549.0,0.0,0
9017.0,0.0,0
58866.0,1.0,0
40754.0,1.0,0
7005.0,0.0,0
57868.0,1.0,0
50169.0,0.0,0
17232.0,1.0,0
19528.0,1.0,1
479.0,0.0,0
25894.0,0.0,0
33240.0,0.0,0
16398.0,0.0,0
20592.0,1.0,0
10570.0,1.0,0
59133.0,1.0,0
36318.0,0.0,0
29621.0,1.0,0
22142.0,1.0,1
39357.0,1.0,1
53649.0,0.0,0
13650.0,1.0,1
6112.0,1.0,0
52555.0,0.0,0
20900.0,0.0,0
13476.0,0.0,0
53942.0,1.0,1
29961.0,0.0,0
68499.0,0.0,0
18607.0,1.0,0
25952.0,0.0,0
24744.0,0.0,0
18015.0,0.0,0
46805.0,0.0,1
24787.0,1.0,0
1462.0,0.0,0
20777.0,0.0,1
45601.0,0.0,0
62275.0,0.0,0
18840.0,1.0,0
41543.0,0.0,1
28337.0,1.0,0
43582.0,1.0,0
25525.0,1.0,0
32501.0,0.0,0
15959.0,0.0,0
36262.0,1.0,0
43289.0,0.0,0
7882.0,1.0,1
20613.0,1.0,0
16684.0,0.0,0
12326.0,1.0,1
49348.0,1.0,0
10749.0,1.0,1
2239.0,0.0,1
11358.0,1.0,0
39899.0,0.0,1
54046.0,0.0,0
21247.0,0.0,0
52737.0,0.0,1
21162.0,1.0,0
64565.0,0.0,0
904.0,0.0,0
10904.0,1.0,0
40338.0,1.0,1
50521.0,1.0,0
40919.0,0.0,0
60958.0,1.0,0
7831.0,1.0,0
32339.0,0.0,1
36389.0,1.0,1
43441.0,0.0,0
42336.0,0.0,0
52693.0,0.0,0
38618.0,1.0,0
8267.0,0.0,1
19072.0,0.0,1
15254.0,0.0,1
11453.0,0.0,0
24708.0,0.0,0
7933.0,1.0,0
44157.0,0.0,0
51243.0,1.0,0
41326.0,0.0,0
16530.0,0.0,0
63236.0,0.0,0
62319.0,0.0,0
30783.0,1.0,0
60817.0,0.0,1
7331.0,0.0,0
6494.0,1.0,0
7369.0,1.0,0
25454.0,1.0,0
12957.0,0.0,1
33228.0,0.0,0
55299.0,1.0,1
21524.0,1.0,0
15592.0,0.0,0
8616.0,1.0,0
17109.0,1.0,1
50005.0,0.0,0
31073.0,0.0,0
45838.0,0.0,0
54122.0,0.0,0
25870.0,1.0,0
40640.0,1.0,0
27047.0,0.0,0
60736.0,0.0,0
40888.0,1.0,0
17362.0,1.0,0
36845.0,1.0,0
26132.0,0.0,0
55697.0,0.0,1
35361.0,1.0,1
59968.0,1.0,0
55255.0,1.0,0
10630.0,1.0,0
28445.0,0.0,0
10954.0,0.0,0
48394.0,1.0,0
54928.0,0.0,0
44420.0,0.0,0
38151.0,1.0,0
29455.0,1.0,1
18972.0,0.0,0
53004.0,1.0,0
45437.0,0.0,0
24558.0,0.0,0
53363.0,0.0,1
35999.0,0.0,0
63314.0,1.0,0
55820.0,1.0,0
42967.0,1.0,0
39632.0,0.0,0
38833.0,1.0,0
26536.0,0.0,1
33667.0,1.0,0
33765.0,0.0,0
33802.0,0.0,0
41428.0,0.0,1
59783.0,0.0,0
55687.0,0.0,1
4337.0,1.0,0
62783.0,1.0,0
58133.0,0.0,0
7795.0,1.0,0
28550.0,1.0,0
11.0,1.0,0
48834.0,1.0,0
46663.0,0.0,0
1652.0,1.0,0
55177.0,1.0,0
8675.0,0.0,0
4156.0,0.0,0
34849.0,0.0,1
21325.0,0.0,0
43878.0,0.0,0
58207.0,0.0,0
10595.0,1.0,0
17998.0,1.0,0
51936.0,1.0,1
18226.0,0.0,0
14201.0,0.0,0
40368.0,1.0,1
831.0,1.0,0
13819.0,1.0,0
33540.0,0.0,0
28190.0,0.0,0
16592.0,1.0,0
59591.0,1.0,0
42439.0,1.0,0
51218.0,1.0,1
60275.0,1.0,0
26852.0,1.0,0
39242.0,0.0,0
46829.0,0.0,0
3313.0,0.0,0
45819.0,1.0,0
15305.0,1.0,0
39746.0,0.0,0
44945.0,0.0,1
5086.0,0.0,0
54173.0,0.0,0
68725.0,0.0,1
4359.0,1.0,0
8515.0,1.0,0
55441.0,1.0,1
11955.0,0.0,0
16052.0,1.0,0
12153.0,1.0,0
36178.0,0.0,0
39879.0,0.0,0
33520.0,1.0,1
16738.0,1.0,0
69108.0,0.0,1
26935.0,0.0,1
40671.0,1.0,1
8412.0,0.0,0
31006.0,0.0,0
53554.0,1.0,1
10272.0,1.0,1
4956.0,1.0,0
219.0,0.0,0
53082.0,1.0,1
60962.0,0.0,0
1447.0,1.0,0
34664.0,0.0,1
4918.0,0.0,0
10796.0,1.0,0
35920.0,0.0,0
24021.0,0.0,0
25679.0,1.0,0
20679.0,0.0,0
20671.0,0.0,0
29467.0,0.0,0
11543.0,1.0,0
49946.0,1.0,1
23182.0,0.0,0
53508.0,0.0,0
37874.0,1.0,0
37629.0,0.0,0
11683.0,0.0,0
69168.0,0.0,0
47228.0,0.0,0
4088.0,0.0,0
5432.0,1.0,0
33376.0,1.0,0
13640.0,1.0,0
28652.0,0.0,0
66203.0,0.0,0
40313.0,0.0,0
28218.0,0.0,0
11068.0,0.0,0
29201.0,0.0,1
9454.0,0.0,0
58364.0,1.0,0
21646.0,1.0,0
48064.0,0.0,0
11342.0,0.0,0
22046.0,0.0,1
63700.0,1.0,1
16701.0,1.0,0
19271.0,0.0,0
9252.0,0.0,0
29364.0,1.0,0
7751.0,1.0,0
58325.0,0.0,0
33545.0,0.0,0
18569.0,0.0,0
3056.0,0.0,1
44061.0,0.0,0
29111.0,0.0,0
5895.0,0.0,0
28271.0,0.0,0
30724.0,0.0,0
21975.0,1.0,0
52042.0,0.0,0
17808.0,0.0,0
52613.0,0.0,0
40551.0,0.0,0
69491.0,0.0,1
69188.0,0.0,0
15058.0,1.0,0
20665.0,0.0,0
46266.0,1.0,0
65512.0,1.0,0
36364.0,0.0,0
9553.0,0.0,0
24743.0,0.0,0
25875.0,0.0,0
40734.0,1.0,1
41304.0,1.0,1
50920.0,1.0,0
58829.0,0.0,0
51177.0,1.0,1
547.0,1.0,1
3487.0,1.0,0
29980.0,0.0,1
48885.0,1.0,0
14113.0,1.0,0
8387.0,1.0,0
31752.0,0.0,1
56407.0,0.0,0
17737.0,1.0,0
51.0,0.0,0
36973.0,1.0,0
33195.0,0.0,0
59750.0,0.0,0
11234.0,1.0,0
19423.0,1.0,1
27091.0,0.0,1
27403.0,0.0,1
20304.0,1.0,0
35369.0,1.0,0
15213.0,0.0,1
43528.0,0.0,0
37140.0,1.0,0
56983.0,0.0,0
27925.0,1.0,1
37725.0,1.0,1
58099.0,0.0,1
61696.0,1.0,0
47937.0,1.0,0
52824.0,1.0,1
47811.0,1.0,0
17532.0,0.0,0
4258.0,1.0,0
63711.0,0.0,1
6744.0,1.0,0
30439.0,0.0,1
21662.0,0.0,0
2208.0,1.0,0
47454.0,0.0,0
14688.0,0.0,0
21829.0,1.0,1
1867.0,0.0,0
50511.0,0.0,0
370.0,1.0,0
5128.0,0.0,0
53809.0,1.0,0
22048.0,1.0,1
34802.0,0.0,0
7735.0,1.0,1
45096.0,1.0,0
27427.0,0.0,0
32845.0,0.0,0
15788.0,0.0,0
59406.0,0.0,0
46574.0,1.0,0
21555.0,1.0,0
36622.0,0.0,0
66295.0,0.0,0
18266.0,1.0,0
60074.0,0.0,0
32622.0,0.0,0
42063.0,0.0,0
43526.0,0.0,1
11745.0,0.0,0
48706.0,1.0,0
41375.0,1.0,0
13976.0,1.0,0
23130.0,1.0,0
13055.0,0.0,0
6785.0,0.0,0
44444.0,1.0,1
27346.0,1.0,1
65420.0,0.0,0
10114.0,0.0,0
27081.0,1.0,0
7262.0,0.0,0
63646.0,0.0,0
41406.0,0.0,0
54269.0,0.0,1
14405.0,0.0,0
49149.0,1.0,0
23921.0,0.0,1
31005.0,1.0,1
1586.0,1.0,0
3757.0,0.0,0
24109.0,1.0,0
9948.0,0.0,1
25876.0,0.0,1
58853.0,1.0,1
15051.0,0.0,0
54993.0,0.0,1
16925.0,1.0,0
18112.0,0.0,0
66396.0,1.0,1
3993.0,1.0,0
6054.0,1.0,0
22441.0,0.0,0
4411.0,0.0,0
39803.0,0.0,1
1948.0,1.0,0
44408.0,0.0,0
18091.0,0.0,0
20611.0,0.0,0
60286.0,0.0,1
4.0,0.0,0
28534.0,0.0,0
39592.0,0.0,0
19365.0,0.0,0
53889.0,1.0,0
7144.0,0.0,0
51369.0,1.0,0
41145.0,1.0,1
9802.0,0.0,1
61725.0,1.0,0
10402.0,1.0,0
1054.0,0.0,0
44965.0,0.0,1
53631.0,0.0,0
41560.0,1.0,1
16315.0,0.0,0
10015.0,1.0,1
8635.0,0.0,1
42568.0,0.0,0
48880.0,1.0,0
62040.0,1.0,0
13119.0,0.0,0
38015.0,1.0,0
42676.0,1.0,1
4449.0,1.0,1
40181.0,1.0,0
13047.0,0.0,1
20193.0,1.0,1
19753.0,0.0,0
10435.0,0.0,0
7217.0,1.0,1
9693.0,0.0,1
7643.0,0.0,0
32604.0,0.0,0
26955.0,1.0,0
5931.0,1.0,0
18552.0,1.0,0
21173.0,1.0,0
57796.0,1.0,1
50977.0,0.0,0
23034.0,0.0,1
33256.0,1.0,0
37058.0,1.0,1
31330.0,1.0,0
46024.0,1.0,0
48817.0,1.0,1
30800.0,1.0,0
67653.0,0.0,0
39704.0,1.0,0
33813.0,0.0,0
41056.0,0.0,0
64983.0,0.0,1
3838.0,1.0,0
7832.0,1.0,0
49980.0,0.0,0
47612.0,1.0,0
10018.0,0.0,1
13551.0,0.0,0
31129.0,1.0,0
30712.0,0.0,0
20266.0,0.0,0
49261.0,0.0,1
33000.0,0.0,0
5274.0,1.0,0
50294.0,1.0,0
24531.0,0.0,0
57700.0,1.0,1
15030.0,0.0,0
33113.0,1.0,0
2765.0,0.0,0
33824.0,1.0,1
30044.0,0.0,1
47556.0,0.0,0
12900.0,1.0,0
42015.0,1.0,1
1535.0,0.0,0
27491.0,0.0,0
3139.0,0.0,0
5903.0,1.0,0
9219.0,1.0,0
25762.0,1.0,0
10209.0,1.0,0
19171.0,0.0,0
56847.0,0.0,0
54936.0,0.0,1
56772.0,1.0,0
19183.0,0.0,0
53311.0,1.0,0
33510.0,0.0,1
54117.0,1.0,0
30593.0,0.0,0
24534.0,0.0,1
10317.0,1.0,0
17433.0,0.0,0
24256.0,0.0,0
43665.0,1.0,1
29210.0,0.0,1
49729.0,0.0,0
64539.0,0.0,0
6126.0,1.0,0
14210.0,0.0,1
67004.0,1.0,0
47171.0,0.0,0
49322.0,1.0,1
56350.0,0.0,1
30930.0,0.0,0
31875.0,0.0,0
4680.0,1.0,1
8859.0,0.0,0
26551.0,0.0,0
11672.0,0.0,1
24185.0,0.0,0
38721.0,1.0,0
41664.0,1.0,1
6692.0,1.0,0
624.0,0.0,0
8300.0,0.0,0
37553.0,1.0,0
4581.0,0.0,0
31431.0,0.0,0
49298.0,1.0,0
16151.0,1.0,0
27856.0,0.0,1
47533.0,1.0,1
9217.0,0.0,0
65784.0,1.0,1
27308.0,1.0,0
30777.0,1.0,0
22867.0,0.0,0
58138.0,1.0,0
2756.0,0.0,0
68416.0,1.0,0
43342.0,1.0,0
16892.0,0.0,0
48267.0,1.0,0
55673.0,0.0,0
56385.0,0.0,1
39948.0,0.0,0
38474.0,0.0,1
3562.0,1.0,0
23780.0,0.0,0
24825.0,0.0,1
36285.0,0.0,0
65543.0,0.0,0
13144.0,0.0,0
29101.0,0.0,0
7892.0,0.0,0
22087.0,1.0,0
61.0,0.0,0
53714.0,0.0,0
46611.0,0.0,1
17980.0,1.0,0
22314.0,1.0,0
10149.0,0.0,0
66276.0,1.0,1
53783.0,0.0,0
15918.0,0.0,0
15485.0,0.0,0
20934.0,1.0,0
5350.0,0.0,0
33759.0,1.0,0
54516.0,0.0,0
17999.0,1.0,0
56772.0,0.0,1
44331.0,1.0,1
13147.0,0.0,0
16677.0,0.0,0
31988.0,0.0,0
25529.0,0.0,0
34876.0,1.0,1
23594.0,0.0,0
56721.0,1.0,1
39294.0,1.0,0
4721.0,0.0,0
48046.0,1.0,0
511.0,0.0,0
20019.0,0.0,0
42098.0,0.0,0
31865.0,0.0,0
42429.0,0.0,0
33987.0,0.0,1
48901.0,0.0,1
4287.0,1.0,0
25943.0,1.0,1
69604.0,1.0,0
35824.0,1.0,0
65037.0,1.0,0
52820.0,1.0,1
2938.0,0.0,0
32140.0,0.0,0
26277.0,0.0,0
32422.0,0.0,0
15636.0,0.0,0
6958.0,0.0,0
35663.0,0.0,0
53823.0,0.0,0
7290.0,0.0,0
63904.0,1.0,1
386.0,1.0,0
3291.0,1.0,0
62111.0,0.0,1
49792.0,1.0,0
67940.0,0.0,0
58797.0,1.0,0
9006.0,0.0,1
16639.0,1.0,0
28519.0,1.0,0
66941.0,0.0,0
43127.0,1.0,0
37462.0,0.0,0
64241.0,0.0,1
15459.0,0.0,1
11669.0,0.0,0
64273.0,0.0,0
17890.0,1.0,0
7216.0,0.0,0
46675.0,0.0,0
47721.0,1.0,0
9376.0,0.0,0
3686.0,0.0,0
68711.0,0.0,0
64066.0,1.0,0
29903.0,0.0,0
42956.0,0.0,1
41451.0,1.0,0
919.0,0.0,0
55726.0,1.0,0
55522.0,0.0,1
69148.0,1.0,0
58119.0,0.0,0
22456.0,1.0,0
18135.0,1.0,0
40606.0,0.0,0
47722.0,1.0,0
64054.0,1.0,0
22374.0,1.0,0
2878.0,1.0,0
58410.0,1.0,0
44713.0,1.0,1
20693.0,1.0,0
37082.0,0.0,0
58622.0,1.0,1
63180.0,1.0,1
54781.0,0.0,0
35949.0,0.0,0
68900.0,0.0,1
7362.0,0.0,0
39499.0,1.0,1
22472.0,0.0,0
10631.0,0.0,0
55006.0,0.0,0
24687.0,1.0,0
42889.0,1.0,1
37056.0,1.0,0
9426.0,1.0,0
56421.0,0.0,1
36966.0,0.0,0
29751.0,0.0,1
17793.0,1.0,0
1688.0,0.0,0
51333.0,1.0,0
42512.0,1.0,1
27382.0,1.0,0
21310.0,1.0,1
49735.0,0.0,1
64653.0,1.0,0
45357.0,0.0,0
30253.0,0.0,1
38159.0,1.0,0
65398.0,0.0,0
69016.0,0.0,0
12427.0,1.0,0
27102.0,0.0,0
42745.0,0.0,0
51020.0,0.0,1
51602.0,0.0,0
28513.0,1.0,0
6421.0,1.0,0
13432.0,0.0,0
14615.0,1.0,0
44494.0,1.0,0
47645.0,0.0,0
12890.0,0.0,0
42157.0,1.0,1
2550.0,0.0,0
18824.0,0.0,1
3735.0,0.0,0
61909.0,0.0,0
49313.0,0.0,0
33264.0,1.0,0
62022.0,1.0,0
27637.0,0.0,0
49585.0,1.0,0
23257.0,1.0,0
3869.0,1.0,0
2656.0,1.0,0
29048.0,1.0,1
25285.0,0.0,1
10181.0,0.0,0
63500.0,1.0,0
44170.0,0.0,1
41411.0,0.0,0
16141.0,0.0,0
42541.0,0.0,0
50910.0,0.0,0
32960.0,0.0,0
13932.0,0.0,0
39456.0,1.0,0
18775.0,0.0,0
6455.0,0.0,0
34086.0,1.0,1
25160.0,0.0,0
2332.0,0.0,0
37584.0,0.0,0
19351.0,1.0,0
18990.0,0.0,1
20007.0,1.0,0
48314.0,0.0,0
68111.0,1.0,0
45929.0,1.0,0
18612.0,1.0,0
48298.0,1.0,0
24034.0,0.0,0
54373.0,0.0,1
20181.0,0.0,1
15925.0,0.0,0
10885.0,0.0,0
60007.0,1.0,1
54678.0,0.0,0
63960.0,0.0,0
58978.0,0.0,0
14718.0,0.0,0
60119.0,0.0,1
61376.0,0.0,0
17324.0,1.0,0
30582.0,1.0,0
9669.0,0.0,0
42792.0,0.0,1
379.0,0.0,1
